-0.3 0 0.3
-0.3 -3.08002e-06 0.300001
-0.3 -5.69535e-05 0.300001
-0.299991 -6.68852e-05 0.297916
-0.299961 -9.02615e-05 0.295827
-0.29992 -0.000119264 0.293643
-0.299866 -0.000138198 0.291461
-0.299799 -0.000147576 0.289285
-0.299719 -0.000145938 0.287146
-0.299623 -0.000155976 0.284983
-0.299509 -0.000169774 0.282859
-0.299373 -0.000180525 0.280685
-0.299221 -0.000188675 0.278509
-0.299048 -0.000195063 0.27629
-0.29886 -0.000199956 0.274069
-0.298653 -0.000203762 0.271811
-0.29843 -0.000206645 0.269554
-0.29819 -0.000208739 0.267264
-0.297936 -0.000210128 0.264974
-0.297664 -0.000210677 0.262655
-0.297378 -0.000210075 0.260298
-0.297074 -0.000207797 0.257911
-0.296756 -0.000203379 0.255524
-0.296421 -0.00020315 0.25315
-0.296073 -0.000205314 0.250733
-0.295712 -0.000206367 0.248311
-0.295339 -0.000206376 0.245893
-0.294951 -0.00020496 0.243462
-0.29455 -0.000201828 0.241034
-0.294133 -0.000201057 0.238618
-0.293704 -0.000201893 0.2362
-0.293261 -0.000202588 0.233773
-0.292805 -0.000203198 0.231349
-0.292336 -0.000203653 0.228915
-0.291854 -0.00020408 0.226484
-0.291358 -0.000204401 0.224044
-0.290849 -0.000204738 0.221605
-0.290325 -0.000204998 0.219158
-0.289788 -0.000205302 0.216713
-0.289236 -0.000205547 0.214259
-0.28867 -0.000205852 0.211807
-0.288089 -0.000206108 0.209346
-0.287495 -0.000206429 0.206887
-0.286884 -0.0002067 0.20442
-0.28626 -0.000207036 0.201956
-0.285619 -0.000207315 0.199483
-0.284965 -0.00020765 0.197012
-0.284294 -0.000207918 0.194534
-0.283608 -0.000208229 0.192058
-0.282906 -0.000208459 0.189575
-0.282189 -0.000208719 0.187095
-0.281454 -0.000208883 0.184607
-0.280706 -0.000209066 0.182123
-0.279939 -0.000209142 0.179632
-0.279157 -0.000209229 0.177144
-0.278358 -0.000209203 0.17465
-0.277543 -0.000209186 0.17216
-0.27671 -0.000209057 0.169663
-0.275861 -0.00020894 0.167172
-0.274994 -0.00020872 0.164674
-0.274112 -0.000208524 0.162182
-0.273209 -0.000208213 0.159679
-0.27229 -0.000207967 0.157182
-0.271348 -0.000207613 0.154673
-0.270391 -0.00020735 0.152171
-0.26941 -0.000206991 0.149656
-0.268413 -0.000206747 0.147149
-0.26739 -0.000206414 0.144628
-0.266351 -0.000206215 0.142115
-0.265286 -0.000205934 0.139589
-0.264203 -0.000205797 0.13707
-0.263093 -0.000205579 0.134538
-0.261965 -0.00020551 0.132014
-0.260809 -0.000205352 0.129477
-0.259634 -0.000205344 0.126948
-0.25843 -0.000205234 0.124406
-0.257206 -0.000205269 0.121872
-0.255952 -0.000205189 0.119325
-0.254678 -0.000205248 0.116788
-0.253371 -0.00020518 0.114236
-0.252044 -0.000205248 0.111694
-0.250683 -0.00020518 0.109138
-0.249301 -0.000205253 0.106594
-0.247884 -0.000205187 0.104034
-0.246445 -0.000205272 0.101487
-0.244969 -0.000205221 0.0989246
-0.24347 -0.000205339 0.096375
-0.241932 -0.000205327 0.0938109
-0.24037 -0.000205502 0.0912601
-0.238768 -0.000205554 0.0886953
-0.237141 -0.000205807 0.0861447
-0.235472 -0.000205938 0.0835804
-0.233777 -0.000206275 0.0810315
-0.232038 -0.000206481 0.0784696
-0.230273 -0.000206885 0.0759243
-0.228462 -0.000207135 0.073367
-0.226623 -0.000207564 0.0708277
-0.224737 -0.000207807 0.0682776
-0.222823 -0.000208199 0.0657471
-0.220852 -0.00020831 0.0631974
-0.218853 -0.000208607 0.0606685
-0.216787 -0.000208513 0.0581089
-0.214693 -0.000208671 0.0555705
-0.212538 -0.00020847 0.0530109
-0.210356 -0.000208456 0.0504734
-0.208118 -0.000208125 0.047923
-0.205855 -0.000207949 0.0453957
-0.203539 -0.000207514 0.0428628
-0.201199 -0.000207229 0.0403541
-0.19881 -0.000206753 0.0378462
-0.196396 -0.000206435 0.0353638
-0.193938 -0.000205995 0.0328878
-0.191454 -0.000205723 0.0304386
-0.188929 -0.000205385 0.0280012
-0.186379 -0.000205211 0.0255919
-0.18379 -0.000204981 0.0231904
-0.181175 -0.000204925 0.0208185
-0.178526 -0.000204857 0.0184685
-0.175851 -0.00020489 0.0161498
-0.173143 -0.000204911 0.0138575
-0.170409 -0.000204989 0.0115981
-0.167646 -0.000205057 0.00936959
-0.164856 -0.00020514 0.00717551
-0.162041 -0.000205244 0.00502363
-0.159198 -0.000205314 0.00290727
-0.156333 -0.000205415 0.00083045
-0.153441 -0.000205495 -0.00120922
-0.150531 -0.000205652 -0.00320437
-0.147594 -0.000205778 -0.00516066
-0.144645 -0.000206033 -0.00706726
-0.141669 -0.000206239 -0.00893325
-0.138688 -0.000206615 -0.0107443
-0.135681 -0.000206901 -0.012513
-0.132676 -0.000207383 -0.0142214
-0.129646 -0.000207708 -0.0158859
-0.126628 -0.000208235 -0.0174851
-0.123585 -0.000208519 -0.0190388
-0.120566 -0.000209005 -0.0205226
-0.117523 -0.000209156 -0.0219597
-0.114514 -0.000209519 -0.0233231
-0.111484 -0.000209468 -0.024639
-0.1085 -0.000209662 -0.0258783
-0.105497 -0.000209387 -0.0270696
-0.102552 -0.000209417 -0.0281827
-0.0995897 -0.000208952 -0.029248
-0.0966973 -0.000208926 -0.0302348
-0.0937899 -0.000207842 -0.0311741
-0.0909431 -0.000207332 -0.0320425
-0.0880837 -0.000206865 -0.0328654
-0.0852167 -0.00020646 -0.0336435
-0.0823403 -0.000206079 -0.0343826
-0.0794704 -0.000205835 -0.0350808
-0.0765937 -0.00020557 -0.0357467
-0.0737304 -0.000205466 -0.0363775
-0.0708623 -0.00020531 -0.036984
-0.0680251 -0.000205381 -0.0375585
-0.0651846 -0.000205304 -0.0381139
-0.0623905 -0.000205496 -0.0386416
-0.0595945 -0.00020545 -0.0391566
-0.0568576 -0.000205711 -0.0396487
-0.0541198 -0.000205659 -0.0401342
-0.0514507 -0.000205943 -0.0406016
-0.0487815 -0.000205863 -0.0410678
-0.0461845 -0.000206124 -0.0415197
-0.043588 -0.00020601 -0.0419748
-0.0410761 -0.000206296 -0.0424201
-0.0385645 -0.000206147 -0.0428725
-0.03612 -0.000206327 -0.043319
-0.0336765 -0.000206168 -0.0437754
-0.0313084 -0.000206378 -0.0442284
-0.0289423 -0.000206215 -0.0446933
-0.0266309 -0.000206323 -0.0451598
-0.0243218 -0.000206178 -0.0456386
-0.0220369 -0.000206164 -0.0461248
-0.0197544 -0.000206068 -0.0466221
-0.0174923 -0.000206088 -0.0471264
-0.0152326 -0.000206044 -0.0476408
-0.012992 -0.000206108 -0.0481612
-0.0107536 -0.000206111 -0.0486908
-0.00853321 -0.000206216 -0.0492256
-0.00631492 -0.000206264 -0.0497689
-0.00411331 -0.000206407 -0.0503168
-0.0019137 -0.000206496 -0.0508723
0.000270368 -0.000206672 -0.051432
0.00245258 -0.000206795 -0.0519986
0.00462031 -0.000206998 -0.0525688
0.00678632 -0.000207148 -0.0531455
0.00893887 -0.000207367 -0.0537253
0.0110898 -0.000207533 -0.054311
0.0132282 -0.000207759 -0.0548995
0.0153652 -0.000207928 -0.0554934
0.0174904 -0.000208147 -0.0560897
0.0196143 -0.000208308 -0.0566909
0.0217274 -0.000208507 -0.0572942
0.0238391 -0.000208646 -0.057902
0.0259408 -0.000208814 -0.0585117
0.0280412 -0.000208918 -0.0591254
0.0301323 -0.000209044 -0.0597407
0.0322223 -0.000209105 -0.0603598
0.0343035 -0.000209181 -0.0609801
0.0363837 -0.000209193 -0.0616039
0.0384553 -0.000209216 -0.0622288
0.0405259 -0.000209175 -0.0628567
0.0425883 -0.000209144 -0.0634855
0.0446498 -0.000209051 -0.064117
0.0467037 -0.000208968 -0.0647492
0.0487568 -0.000208828 -0.0653839
0.0508028 -0.0002087 -0.0660191
0.0528481 -0.000208522 -0.0666564
0.0548869 -0.000208357 -0.0672941
0.056925 -0.000208152 -0.0679337
0.058957 -0.000207963 -0.0685737
0.0609884 -0.000207742 -0.0692153
0.0630142 -0.000207542 -0.0698574
0.0650394 -0.000207318 -0.0705008
0.0670594 -0.000207119 -0.0711446
0.0690789 -0.000206904 -0.0717896
0.0710911 -0.000206731 -0.0724338
0.0731022 -0.000206535 -0.0730791
0.0751094 -0.000206373 -0.073724
0.0771165 -0.000206207 -0.0743697
0.0791202 -0.000206074 -0.0750146
0.0811238 -0.00020594 -0.07566
0.0831245 -0.000205844 -0.0763046
0.085125 -0.000205766 -0.0769497
0.0871224 -0.00020572 -0.0775947
0.0891195 -0.000205666 -0.0782402
0.0911138 -0.000205632 -0.0788856
0.0931079 -0.000205593 -0.0795314
0.0950995 -0.000205571 -0.080177
0.0970909 -0.000205546 -0.0808229
0.0990803 -0.000205535 -0.0814686
0.10107 -0.000205521 -0.0821143
0.103057 -0.000205519 -0.0827597
0.105044 -0.000205511 -0.0834051
0.10703 -0.000205514 -0.0840501
0.109016 -0.000205509 -0.0846949
0.111001 -0.000205513 -0.085339
0.112985 -0.00020551 -0.0859827
0.114968 -0.000205513 -0.0866257
0.116952 -0.000205511 -0.0872683
0.118935 -0.000205514 -0.0879101
0.120918 -0.000205513 -0.0885513
0.1229 -0.000205519 -0.0891916
0.124882 -0.000205524 -0.0898313
0.126865 -0.000205537 -0.0904701
0.128847 -0.000205552 -0.091108
0.130829 -0.000205578 -0.091745
0.132812 -0.00020561 -0.0923811
0.134795 -0.000205654 -0.0930162
0.136778 -0.000205707 -0.0936503
0.138762 -0.000205775 -0.0942833
0.140746 -0.000205855 -0.0949152
0.14273 -0.000205951 -0.095546
0.144715 -0.00020606 -0.0961755
0.146701 -0.000206185 -0.0968039
0.148687 -0.000206324 -0.0974311
0.150675 -0.000206476 -0.098057
0.152662 -0.000206644 -0.0986816
0.154651 -0.000206823 -0.0993051
0.156641 -0.000207016 -0.0999272
0.158632 -0.000207215 -0.100548
0.160623 -0.000207424 -0.101168
0.162616 -0.000207634 -0.101786
0.164609 -0.000207849 -0.102403
0.166604 -0.000208057 -0.103018
0.1686 -0.000208265 -0.103632
0.170597 -0.00020846 -0.104245
0.172595 -0.000208648 -0.104856
0.174595 -0.000208816 -0.105465
0.176595 -0.000208956 -0.106073
0.178597 -0.000209061 -0.106679
0.1806 -0.00020913 -0.107283
0.182605 -0.000209173 -0.107886
0.18461 -0.000209203 -0.108488
0.186617 -0.000209203 -0.109087
0.188625 -0.000209186 -0.109685
0.190635 -0.000209137 -0.110281
0.192645 -0.000209077 -0.110875
0.194658 -0.000209007 -0.111468
0.196671 -0.000208932 -0.112058
0.198687 -0.000208834 -0.112647
0.200703 -0.000208716 -0.113234
0.202721 -0.000208566 -0.113819
0.204739 -0.000208403 -0.114402
0.20676 -0.000208214 -0.114983
0.208782 -0.000208022 -0.115563
0.210805 -0.000207813 -0.11614
0.212829 -0.000207609 -0.116715
0.214855 -0.000207397 -0.117289
0.216882 -0.000207197 -0.117861
0.218911 -0.000206995 -0.118431
0.22094 -0.000206811 -0.118998
0.222972 -0.000206628 -0.119565
0.225004 -0.000206467 -0.120129
0.227038 -0.000206311 -0.120691
0.229072 -0.000206178 -0.121251
0.231109 -0.000206051 -0.121809
0.233147 -0.000205947 -0.122365
0.235186 -0.000205848 -0.122919
0.237226 -0.000205772 -0.123471
0.239269 -0.0002057 -0.12402
0.241312 -0.00020565 -0.124568
0.243357 -0.000205601 -0.125113
0.245403 -0.000205572 -0.125656
0.247451 -0.000205538 -0.126199
0.2495 -0.000205525 -0.12674
0.251551 -0.000205506 -0.127279
0.253603 -0.000205502 -0.127815
0.255657 -0.000205491 -0.12835
0.257712 -0.000205492 -0.128882
0.25977 -0.000205486 -0.129409
0.261828 -0.000205488 -0.129934
0.263889 -0.00020548 -0.130457
0.265951 -0.000205485 -0.130977
0.268016 -0.000205479 -0.131495
0.270081 -0.000205487 -0.13201
0.27215 -0.000205487 -0.132524
0.274219 -0.000205504 -0.133034
0.276292 -0.000205515 -0.133543
0.278365 -0.000205546 -0.134048
0.280442 -0.000205574 -0.134552
0.282519 -0.000205626 -0.135053
0.284601 -0.000205678 -0.135551
0.286683 -0.000205758 -0.136047
0.288768 -0.000205839 -0.13654
0.290855 -0.000205952 -0.137031
0.292946 -0.000206066 -0.137519
0.295037 -0.000206213 -0.138004
0.297132 -0.000206362 -0.138487
0.299229 -0.000206542 -0.138967
0.301329 -0.000206722 -0.139444
0.303431 -0.000206931 -0.139919
0.305536 -0.000207135 -0.14039
0.307643 -0.000207364 -0.140859
0.309754 -0.000207581 -0.141325
0.311865 -0.000207818 -0.141788
0.313982 -0.000208037 -0.142249
0.316099 -0.000208266 -0.142706
0.31822 -0.000208468 -0.14316
0.320343 -0.000208675 -0.143611
0.32247 -0.000208846 -0.144059
0.324598 -0.000209015 -0.144504
0.326731 -0.000209141 -0.144946
0.328864 -0.000209261 -0.145385
0.331002 -0.000209333 -0.145821
0.333141 -0.000209394 -0.146253
0.335285 -0.000209404 -0.146683
0.337429 -0.000209402 -0.147109
0.339578 -0.00020935 -0.147532
0.341727 -0.000209286 -0.147951
0.343882 -0.000209174 -0.148368
0.346037 -0.000209054 -0.148781
0.348196 -0.00020889 -0.149191
0.350357 -0.000208724 -0.149597
0.352522 -0.000208519 -0.150001
0.354687 -0.00020832 -0.150401
0.356857 -0.000208089 -0.150797
0.359028 -0.000207873 -0.151191
0.361203 -0.000207632 -0.151581
0.363379 -0.000207413 -0.151967
0.36556 -0.000207178 -0.15235
0.36774 -0.000206971 -0.15273
0.369926 -0.000206753 -0.153106
0.372112 -0.00020657 -0.153479
0.374302 -0.000206381 -0.153849
0.376493 -0.000206229 -0.154214
0.378688 -0.000206074 -0.154577
0.380884 -0.000205958 -0.154936
0.383084 -0.000205839 -0.155291
0.385285 -0.000205757 -0.155643
0.38749 -0.000205671 -0.155991
0.389696 -0.000205621 -0.156335
0.391906 -0.000205563 -0.156676
0.394117 -0.000205537 -0.157013
0.396332 -0.0002055 -0.157347
0.398548 -0.000205493 -0.157677
0.400769 -0.000205469 -0.158003
0.40299 -0.000205472 -0.158326
0.405216 -0.000205456 -0.158645
0.407443 -0.000205463 -0.158959
0.409674 -0.00020545 -0.15927
0.411907 -0.000205459 -0.159576
0.414144 -0.000205446 -0.159878
0.416382 -0.000205457 -0.160176
0.418625 -0.000205448 -0.16047
0.420869 -0.000205465 -0.16076
0.423118 -0.000205463 -0.161046
0.425368 -0.000205492 -0.161328
0.427624 -0.000205507 -0.161606
0.429881 -0.000205557 -0.161879
0.432143 -0.000205595 -0.162148
0.434406 -0.000205675 -0.162413
0.436676 -0.000205745 -0.162673
0.438946 -0.00020586 -0.162929
0.441222 -0.000205968 -0.163181
0.443499 -0.000206123 -0.163427
0.445783 -0.000206271 -0.163669
0.448067 -0.000206465 -0.163907
0.450358 -0.000206648 -0.16414
0.45265 -0.000206876 -0.164367
0.454948 -0.000207088 -0.164591
0.457247 -0.000207339 -0.164809
0.459553 -0.000207567 -0.165023
0.46186 -0.000207828 -0.165232
0.464174 -0.000208056 -0.165436
0.466489 -0.000208307 -0.165635
0.468811 -0.000208514 -0.165829
0.471133 -0.000208736 -0.166018
0.473463 -0.000208903 -0.166202
0.475793 -0.000209077 -0.166381
0.47813 -0.000209188 -0.166554
0.480468 -0.000209299 -0.166723
0.482814 -0.000209341 -0.166886
0.48516 -0.000209379 -0.167043
0.487513 -0.000209345 -0.167196
0.489866 -0.000209308 -0.167343
0.492227 -0.000209199 -0.167484
0.494588 -0.000209091 -0.16762
0.496957 -0.000208916 -0.16775
0.499325 -0.000208748 -0.167875
0.501702 -0.00020852 -0.167994
0.504078 -0.000208309 -0.168107
0.506461 -0.000208048 -0.168215
0.508845 -0.000207814 -0.168317
0.511236 -0.000207541 -0.168413
0.513627 -0.000207305 -0.168503
0.516025 -0.000207039 -0.168588
0.518423 -0.00020682 -0.168664
0.520828 -0.000206579 -0.168734
0.523233 -0.000206392 -0.168797
0.525646 -0.000206188 -0.168855
0.528058 -0.000206043 -0.168907
0.530478 -0.000205882 -0.168952
0.532897 -0.000205781 -0.168991
0.535324 -0.000205664 -0.169024
0.53775 -0.000205604 -0.16905
0.540184 -0.000205525 -0.169071
0.542618 -0.000205499 -0.169084
0.545059 -0.000205449 -0.169091
0.5475 -0.000205447 -0.169092
0.549949 -0.000205414 -0.169086
0.552397 -0.000205426 -0.169073
0.554853 -0.000205403 -0.169054
0.557309 -0.00020542 -0.169027
0.559773 -0.000205399 -0.168994
0.562237 -0.000205418 -0.168955
0.564709 -0.000205397 -0.168908
0.567181 -0.000205419 -0.168854
0.569662 -0.000205404 -0.168794
0.572142 -0.000205435 -0.168726
0.574631 -0.000205432 -0.168651
0.57712 -0.000205482 -0.168569
0.579618 -0.000205503 -0.168479
0.582116 -0.000205585 -0.168384
0.584624 -0.000205642 -0.168283
0.587131 -0.000205765 -0.168175
0.589648 -0.000205867 -0.168059
0.592164 -0.00020604 -0.167936
0.594691 -0.00020619 -0.167804
0.597217 -0.000206414 -0.167664
0.599746 -0.000206645 -0.167515
0.602264 -0.000206947 -0.167357
0.604796 -0.000207157 -0.167189
0.607326 -0.000207441 -0.167012
0.609871 -0.000207668 -0.166825
0.612414 -0.000207963 -0.166628
0.614971 -0.000208187 -0.166422
0.617528 -0.000208464 -0.166206
0.620097 -0.000208655 -0.165979
0.622666 -0.000208886 -0.165743
0.625248 -0.000209017 -0.165497
0.627829 -0.000209176 -0.165241
0.630423 -0.000209225 -0.164975
0.633015 -0.000209295 -0.164699
0.635621 -0.000209251 -0.164412
0.638225 -0.000209226 -0.164115
0.640842 -0.000209088 -0.163807
0.643457 -0.000208973 -0.16349
0.646084 -0.000208752 -0.163162
0.64871 -0.000208564 -0.162823
0.651348 -0.000208282 -0.162474
0.653985 -0.000208045 -0.162114
0.656633 -0.000207729 -0.161743
0.659279 -0.000207474 -0.161362
0.661937 -0.000207155 -0.160969
0.664593 -0.000206911 -0.160566
0.66726 -0.000206615 -0.160151
0.669926 -0.000206406 -0.159726
0.672602 -0.000206155 -0.159288
0.675277 -0.000205998 -0.158841
0.677962 -0.000205803 -0.158381
0.680646 -0.0002057 -0.157911
0.683341 -0.00020556 -0.157428
0.686034 -0.000205512 -0.156934
0.688739 -0.000205421 -0.156428
0.69144 -0.000205416 -0.155911
0.694175 -0.000205262 -0.15538
0.696922 -0.000205235 -0.154839
0.699679 -0.000205221 -0.154284
0.702433 -0.000205278 -0.153719
0.705181 -0.000205332 -0.153139
0.707912 -0.000205431 -0.152549
0.710654 -0.000205384 -0.151944
0.713395 -0.000205408 -0.151328
0.716147 -0.000205369 -0.150698
0.718898 -0.00020541 -0.150056
0.72166 -0.000205393 -0.149399
0.724421 -0.000205466 -0.14873
0.727194 -0.000205488 -0.148045
0.729964 -0.000205611 -0.147349
0.732747 -0.000205688 -0.146636
0.735528 -0.000205873 -0.14591
0.738321 -0.000206015 -0.145169
0.741112 -0.000206268 -0.144414
0.743916 -0.000206474 -0.143642
0.746717 -0.000206787 -0.142856
0.749533 -0.000207032 -0.142052
0.752346 -0.000207384 -0.141235
0.755175 -0.000207644 -0.140398
0.758001 -0.000208001 -0.139546
0.760844 -0.000208237 -0.138674
0.763682 -0.000208554 -0.137788
0.766539 -0.000208723 -0.13688
0.769391 -0.000208957 -0.135957
0.772261 -0.000209019 -0.135011
0.775126 -0.000209137 -0.13405
0.778009 -0.000209069 -0.133065
0.780887 -0.000209056 -0.132065
0.783784 -0.000208852 -0.13104
0.786675 -0.000208716 -0.129999
0.789585 -0.000208397 -0.128932
0.792488 -0.000208167 -0.127849
0.795411 -0.000207771 -0.12674
0.798326 -0.000207492 -0.125614
0.80126 -0.00020707 -0.124461
0.804187 -0.000206794 -0.12329
0.807133 -0.000206397 -0.122092
0.810071 -0.00020617 -0.120876
0.813027 -0.000205836 -0.119631
0.815976 -0.000205687 -0.118368
0.818943 -0.000205437 -0.117076
0.821901 -0.000205375 -0.115765
0.824882 -0.000205185 -0.114421
0.827854 -0.000205199 -0.113059
0.830869 -0.000204967 -0.111655
0.833894 -0.000204977 -0.110232
0.836953 -0.000204853 -0.108772
0.840004 -0.000204977 -0.107294
0.843066 -0.000204963 -0.105782
0.84612 -0.000205072 -0.104252
0.849199 -0.000204994 -0.102689
0.85227 -0.000205104 -0.101108
0.855364 -0.000205053 -0.0994943
0.858448 -0.000205187 -0.0978633
0.861553 -0.000205187 -0.0961994
0.86465 -0.00020538 -0.0945176
0.867765 -0.000205461 -0.0928027
0.870871 -0.000205744 -0.0910694
0.873995 -0.000205924 -0.0893022
0.877109 -0.000206304 -0.0875161
0.88024 -0.000206574 -0.0856954
0.88336 -0.000207025 -0.0838551
0.886497 -0.00020734 -0.0819792
0.889622 -0.000207801 -0.0800833
0.892763 -0.000208085 -0.0781509
0.895892 -0.000208475 -0.0761978
0.899034 -0.000208646 -0.0742075
0.902164 -0.000208884 -0.0721961
0.905306 -0.000208874 -0.0701467
0.908434 -0.000208913 -0.0680756
0.911574 -0.000208696 -0.065966
0.914698 -0.000208533 -0.0638344
0.917831 -0.000208138 -0.0616637
0.920949 -0.000207828 -0.0594707
0.924074 -0.00020733 -0.0572382
0.927181 -0.000206962 -0.054983
0.930294 -0.000206461 -0.0526881
0.933388 -0.000206133 -0.05037
0.936486 -0.000205717 -0.0480122
0.939563 -0.000205499 -0.0456306
0.942642 -0.000205219 -0.0432092
0.945714 -0.000205089 -0.0407634
0.948784 -0.000204952 -0.0382779
0.951845 -0.000204917 -0.0357569
0.9549 -0.000204881 -0.0331946
0.957922 -0.00020504 -0.0306141
0.960939 -0.000205024 -0.0279924
0.96392 -0.000205162 -0.025344
0.966891 -0.000205156 -0.0226559
0.969837 -0.000205244 -0.01994
0.972773 -0.000205247 -0.0171832
0.975682 -0.000205364 -0.0143975
0.978577 -0.00020543 -0.0115705
0.981445 -0.00020563 -0.00871359
0.984295 -0.000205811 -0.00581551
0.987116 -0.000206132 -0.00288666
0.989916 -0.000206448 8.26178e-05
0.992685 -0.000206878 0.00308334
0.995429 -0.000207286 0.00612292
0.998139 -0.000207743 0.00919436
1.00082 -0.000208138 0.0123021
1.00346 -0.000208496 0.0154418
1.00607 -0.000208749 0.0186141
1.00864 -0.000208884 0.0218182
1.01117 -0.000208902 0.02505
1.01365 -0.000208751 0.0283132
1.01609 -0.000208521 0.031598
1.01849 -0.000208116 0.0349135
1.02083 -0.000207719 0.0382431
1.02313 -0.000207173 0.0416027
1.02536 -0.000206752 0.0449679
1.02755 -0.000206212 0.0483621
1.02968 -0.000205893 0.0517526
1.03176 -0.000205476 0.0551709
1.03377 -0.000205381 0.0585751
1.03577 -0.000204792 0.062073
1.03769 -0.000204868 0.0655652
1.03955 -0.000204798 0.0690882
1.04139 -0.000204505 0.072693
1.04318 -0.000204588 0.0763215
1.04495 -0.000204513 0.0800086
1.04665 -0.000204919 0.0836605
1.04833 -0.000204979 0.0873368
1.04999 -0.000205095 0.0910224
1.05162 -0.00020534 0.0946897
1.05323 -0.000205432 0.0983621
1.05482 -0.000205833 0.101979
1.0564 -0.000205913 0.105598
1.05794 -0.000206399 0.109132
1.05949 -0.000206439 0.112664
1.061 -0.00020725 0.116076
1.06252 -0.000206707 0.119481
1.064 -0.000207107 0.122744
1.0655 -0.000207298 0.125999
1.06695 -0.000208669 0.129093
1.06842 -0.000208702 0.132176
1.06984 -0.000209436 0.135092
1.07129 -0.000209476 0.137995
1.07268 -0.000210638 0.140733
1.07411 -0.000210531 0.143457
1.07548 -0.000211034 0.146024
1.07687 -0.000210217 0.148576
1.07822 -0.000210285 0.150986
1.0796 -0.00021011 0.153382
1.08093 -0.000210756 0.155649
1.08227 -0.000210611 0.157902
1.0836 -0.000210725 0.160066
1.08494 -0.000210383 0.162219
1.08626 -0.000210354 0.164307
1.0876 -0.00021001 0.166386
1.08892 -0.000209932 0.16841
1.09025 -0.000209584 0.170426
1.09157 -0.000209463 0.172395
1.0929 -0.000209112 0.174358
1.09422 -0.000208959 0.176281
1.09554 -0.00020861 0.178198
1.09685 -0.000208436 0.180081
1.09817 -0.000208097 0.181959
1.09948 -0.000207916 0.183808
1.1008 -0.000207597 0.185652
1.1021 -0.000207419 0.187471
1.10341 -0.000207128 0.189286
1.10471 -0.000206966 0.191079
1.10602 -0.00020671 0.192869
1.10732 -0.000206572 0.19464
1.10862 -0.000206356 0.196407
1.10991 -0.000206246 0.198158
1.11121 -0.000206071 0.199906
1.1125 -0.000205993 0.20164
1.11379 -0.000205858 0.203372
1.11508 -0.00020581 0.205091
1.11637 -0.000205712 0.206808
1.11766 -0.000205689 0.208513
1.11894 -0.000205621 0.210218
1.12022 -0.000205622 0.211912
1.12151 -0.000205579 0.213605
1.12278 -0.000205602 0.215289
1.12406 -0.000205582 0.216972
1.12534 -0.000205603 0.218647
1.12662 -0.000205585 0.220322
1.12789 -0.000205601 0.22199
1.12917 -0.000205584 0.223658
1.13044 -0.000205596 0.22532
1.13171 -0.000205579 0.226982
1.13298 -0.000205588 0.228639
1.13425 -0.000205573 0.230296
1.13552 -0.000205585 0.23195
1.13679 -0.000205577 0.233604
1.13805 -0.000205598 0.235254
1.13932 -0.000205605 0.236906
1.14058 -0.00020564 0.238555
1.14184 -0.000205664 0.240204
1.1431 -0.000205708 0.241852
1.14436 -0.000205747 0.2435
1.14562 -0.000205807 0.245148
1.14687 -0.000205867 0.246796
1.14813 -0.000205948 0.248444
1.14938 -0.000206034 0.250092
1.15063 -0.000206141 0.251741
1.15188 -0.000206256 0.25339
1.15313 -0.000206391 0.255039
1.15438 -0.000206536 0.25669
1.15563 -0.000206697 0.258341
1.15688 -0.000206868 0.259993
1.15812 -0.000207052 0.261645
1.15936 -0.000207244 0.263299
1.16061 -0.000207443 0.264955
1.16185 -0.000207647 0.266611
1.16309 -0.000207852 0.268269
1.16433 -0.000208056 0.269927
1.16556 -0.000208252 0.271588
1.1668 -0.000208431 0.273249
1.16803 -0.000208592 0.274913
1.16927 -0.000208741 0.276578
1.1705 -0.000208874 0.278244
1.17173 -0.000208978 0.279912
1.17296 -0.000209053 0.281582
1.17419 -0.000209102 0.283253
1.17542 -0.000209125 0.284926
1.17665 -0.000209134 0.286601
1.17788 -0.000209115 0.288278
1.1791 -0.00020908 0.289956
1.18033 -0.000209015 0.291636
1.18155 -0.000208939 0.293318
1.18277 -0.000208851 0.295002
1.18399 -0.000208766 0.296688
1.18521 -0.000208678 0.298376
1.18643 -0.000208581 0.300065
1.18764 -0.000208448 0.301757
1.18886 -0.000208301 0.30345
1.19008 -0.000208127 0.305145
1.19129 -0.000207948 0.306842
1.1925 -0.000207751 0.308542
1.19371 -0.000207558 0.310242
1.19492 -0.000207354 0.311945
1.19613 -0.000207162 0.31365
1.19734 -0.000206965 0.315357
1.19854 -0.000206785 0.317065
1.19975 -0.000206606 0.318775
1.20095 -0.000206449 0.320487
1.20215 -0.000206295 0.322201
1.20335 -0.000206166 0.323917
1.20455 -0.000206042 0.325635
1.20575 -0.000205942 0.327355
1.20694 -0.000205848 0.329077
1.20814 -0.000205778 0.3308
1.20933 -0.000205711 0.332526
1.21052 -0.000205667 0.334253
1.21172 -0.000205624 0.335983
1.21291 -0.000205601 0.337714
1.21409 -0.000205575 0.339448
1.21528 -0.000205566 0.341183
1.21647 -0.000205552 0.342921
1.21765 -0.000205553 0.34466
1.21884 -0.000205546 0.346402
1.22002 -0.000205552 0.348146
1.2212 -0.000205547 0.349892
1.22238 -0.000205555 0.35164
1.22356 -0.000205551 0.353392
1.22473 -0.000205561 0.355144
1.22591 -0.000205559 0.3569
1.22708 -0.000205572 0.358658
1.22826 -0.000205576 0.360419
1.22943 -0.000205597 0.362181
1.2306 -0.000205611 0.363947
1.23177 -0.000205646 0.365715
1.23294 -0.000205676 0.367486
1.2341 -0.000205731 0.369259
1.23527 -0.000205784 0.371036
1.23643 -0.000205864 0.372814
1.2376 -0.000205945 0.374596
1.23876 -0.000206056 0.376381
1.23992 -0.000206168 0.378169
1.24108 -0.000206311 0.379959
1.24224 -0.000206455 0.381753
1.2434 -0.000206629 0.383549
1.24455 -0.000206802 0.385349
1.24571 -0.000207002 0.387152
1.24686 -0.000207197 0.388958
1.24801 -0.000207416 0.390767
1.24916 -0.000207623 0.39258
1.25031 -0.000207849 0.394394
1.25146 -0.000208057 0.396214
1.25261 -0.000208276 0.398035
1.25375 -0.00020847 0.399861
1.2549 -0.000208669 0.401688
1.25604 -0.000208835 0.403521
1.25718 -0.000209001 0.405354
1.25832 -0.000209126 0.407193
1.25946 -0.000209246 0.409034
1.2606 -0.00020932 0.410879
1.26173 -0.000209385 0.412726
1.26287 -0.000209402 0.414577
1.264 -0.000209407 0.416431
1.26513 -0.000209363 0.418289
1.26626 -0.000209309 0.420148
1.26739 -0.000209207 0.422012
1.26852 -0.000209098 0.423878
1.26964 -0.000208944 0.425749
1.27077 -0.000208788 0.42762
1.27189 -0.000208595 0.429497
1.27301 -0.000208404 0.431375
1.27413 -0.000208183 0.433258
1.27524 -0.000207973 0.435142
1.27636 -0.000207739 0.43703
1.27747 -0.000207523 0.43892
1.27859 -0.000207291 0.440815
1.2797 -0.000207084 0.44271
1.28081 -0.000206867 0.444611
1.28191 -0.000206681 0.446512
1.28302 -0.000206489 0.448418
1.28412 -0.000206331 0.450326
1.28522 -0.000206171 0.452237
1.28632 -0.000206047 0.45415
1.28742 -0.000205922 0.456068
1.28852 -0.000205832 0.457986
1.28961 -0.000205741 0.45991
1.29071 -0.000205683 0.461834
1.2918 -0.000205621 0.463763
1.29289 -0.00020559 0.465693
1.29397 -0.000205551 0.467628
1.29506 -0.000205539 0.469564
1.29614 -0.000205516 0.471505
1.29723 -0.000205517 0.473447
1.29831 -0.000205504 0.475394
1.29938 -0.000205512 0.477342
1.30046 -0.000205502 0.479295
1.30153 -0.000205513 0.481249
1.30261 -0.000205506 0.483209
1.30368 -0.000205519 0.48517
1.30475 -0.000205515 0.487136
1.30582 -0.000205532 0.489104
1.30688 -0.000205533 0.491077
1.30795 -0.000205561 0.493051
1.30901 -0.000205574 0.495032
1.31007 -0.000205617 0.497013
1.31113 -0.00020565 0.499001
1.31218 -0.000205717 0.50099
1.31324 -0.000205776 0.502985
1.31429 -0.000205874 0.504982
1.31534 -0.000205966 0.506985
1.31639 -0.000206099 0.50899
1.31744 -0.000206227 0.511001
1.31848 -0.000206397 0.513014
1.31953 -0.000206561 0.515033
1.32057 -0.000206765 0.517054
1.32161 -0.000206959 0.519082
1.32265 -0.00020719 0.521111
1.32369 -0.000207404 0.523147
1.32472 -0.000207649 0.525186
1.32575 -0.00020787 0.52723
1.32678 -0.000208115 0.529277
1.32781 -0.000208327 0.531331
1.32884 -0.000208554 0.533386
1.32986 -0.000208738 0.535448
1.33088 -0.00020893 0.537512
1.33191 -0.000209071 0.539583
1.33292 -0.000209212 0.541656
1.33394 -0.000209296 0.543736
1.33495 -0.000209375 0.545818
1.33597 -0.000209392 0.547907
1.33698 -0.000209402 0.549997
1.33798 -0.000209348 0.552094
1.33899 -0.00020929 0.554193
1.33999 -0.000209169 0.556299
1.34099 -0.000209047 0.558407
1.34199 -0.000208868 0.560521
1.34299 -0.000208694 0.562637
1.34398 -0.00020847 0.56476
1.34497 -0.00020826 0.566884
1.34596 -0.000208009 0.569015
1.34695 -0.000207781 0.571148
1.34793 -0.000207522 0.573287
1.34891 -0.000207294 0.575428
1.34989 -0.000207044 0.577575
1.35087 -0.000206833 0.579724
1.35184 -0.000206607 0.581879
1.35281 -0.000206426 0.584036
1.35378 -0.000206235 0.586199
1.35475 -0.000206092 0.588364
1.35571 -0.000205941 0.590536
1.35667 -0.000205838 0.592708
1.35763 -0.000205727 0.594888
1.35859 -0.000205662 0.597068
1.35954 -0.000205586 0.599256
1.36049 -0.000205554 0.601445
1.36144 -0.000205506 0.60364
1.36238 -0.000205497 0.605837
1.36333 -0.000205467 0.608041
1.36427 -0.000205472 0.610246
1.3652 -0.000205453 0.612459
1.36614 -0.000205466 0.614673
1.36707 -0.00020545 0.616894
1.368 -0.000205466 0.619117
1.36893 -0.000205453 0.621347
1.36985 -0.000205472 0.623579
1.37077 -0.000205462 0.625818
1.37169 -0.000205489 0.62806
1.3726 -0.000205489 0.630309
1.37351 -0.000205531 0.63256
1.37442 -0.00020555 0.634819
1.37533 -0.000205616 0.63708
1.37623 -0.000205663 0.63935
1.37713 -0.000205764 0.641622
1.37803 -0.000205849 0.643902
1.37893 -0.000205991 0.646184
1.37982 -0.000206119 0.648476
1.38071 -0.000206306 0.650769
1.3816 -0.000206477 0.653072
1.38248 -0.000206706 0.655377
1.38336 -0.000206915 0.657691
1.38424 -0.000207176 0.660007
1.38511 -0.000207408 0.662334
1.38598 -0.000207687 0.664662
1.38685 -0.000207925 0.667
1.38771 -0.000208199 0.66934
1.38858 -0.000208421 0.67169
1.38943 -0.000208668 0.674042
1.39029 -0.000208851 0.676404
1.39114 -0.000209048 0.678768
1.39199 -0.00020917 0.681143
1.39283 -0.000209299 0.683519
1.39367 -0.000209344 0.685906
1.39451 -0.000209392 0.688294
1.39535 -0.000209352 0.690693
1.39618 -0.000209315 0.693093
1.397 -0.000209192 0.695504
1.39783 -0.000209074 0.697916
1.39865 -0.000208877 0.700339
1.39946 -0.000208694 0.702763
1.40028 -0.00020844 0.705197
1.40108 -0.000208212 0.707633
1.40189 -0.000207925 0.710079
1.40269 -0.000207676 0.712526
1.40349 -0.000207381 0.714984
1.40428 -0.000207136 0.717443
1.40507 -0.000206856 0.719911
1.40585 -0.000206637 0.722382
1.40664 -0.000206392 0.724862
1.40741 -0.000206213 0.727343
1.40819 -0.000206014 0.729835
1.40895 -0.000205885 0.732328
1.40972 -0.000205737 0.73483
1.41048 -0.000205657 0.737334
1.41124 -0.000205554 0.739848
1.41199 -0.00020551 0.742364
1.41275 -0.000205445 0.74489
1.4135 -0.00020544 0.747417
1.41424 -0.0002054 0.749954
1.41498 -0.000205414 0.752493
1.41572 -0.000205386 0.755042
1.41645 -0.000205408 0.757593
1.41717 -0.00020539 0.760155
1.41789 -0.000205414 0.762718
1.4186 -0.00020539 0.765293
1.41931 -0.000205417 0.767869
1.42002 -0.000205399 0.770457
1.42071 -0.000205438 0.773047
1.42141 -0.000205435 0.775649
1.4221 -0.000205499 0.778253
1.42278 -0.000205525 0.780869
1.42346 -0.000205626 0.783487
1.42414 -0.000205695 0.786118
1.42481 -0.000205847 0.788752
1.42547 -0.000205969 0.791398
1.42613 -0.000206177 0.794047
1.42679 -0.000206354 0.796709
1.42744 -0.000206617 0.799374
1.42809 -0.000206842 0.802052
1.42873 -0.000207147 0.804733
1.42936 -0.000207402 0.807428
1.42999 -0.000207726 0.810125
1.43061 -0.000207985 0.812837
1.43123 -0.000208297 0.815551
1.43184 -0.000208526 0.81828
1.43245 -0.000208794 0.82101
1.43305 -0.000208961 0.823756
1.43365 -0.000209153 0.826504
1.43424 -0.00020923 0.829267
1.43482 -0.000209324 0.832032
1.4354 -0.000209296 0.834812
1.43597 -0.000209281 0.837593
1.43654 -0.000209143 0.84039
1.4371 -0.000209025 0.843189
1.43765 -0.00020879 0.846002
1.4382 -0.000208586 0.848818
1.43874 -0.00020828 0.851648
1.43927 -0.000208021 0.854479
1.4398 -0.000207678 0.857326
1.44032 -0.0002074 0.860174
1.44084 -0.000207056 0.863037
1.44134 -0.000206795 0.865901
1.44185 -0.000206483 0.868781
1.44234 -0.000206267 0.871661
1.44283 -0.00020601 0.874556
1.44331 -0.000205856 0.877452
1.44378 -0.000205664 0.880364
1.44425 -0.000205577 0.883276
1.44471 -0.000205445 0.886204
